



tc0: -2,1,-23,24,-22,25,35,30,7,8,12,45,-5,-15,-12,18,50,-7,-8,-33,37,29,26,6,5,14,3,78,5633,52,13,45,55,69,34,22,13,15,999,345,44,66,77,42,45,665,778,123,456,789

tc1
[-474, 790, -381, -411, -157, 144, -657, 115, 862, 988, 893, 507, -845, 456, 535, 538, -651, -369, -245, 901, -122, 391, -303, 924, 215, 986, 544, 74, -593, 683, 39, -212, 866, -917, -818, -226, -227, -522, 522, -166, 902, 187, -981, -873, 669, 301, -239, 151, -361, -877]
tc2
[-927, 322, 179, 996, -118, 825, 747, -492, 230, 279, -275, 494, -113, -553, -587, -342, 93, 147, 480, -888, -414, 506, -407, 91, -536, -420, -528, 161, -914, 24, 24, 325, 834, 151, 507, -245, 92, -224, -616, 550, 182, -96, 2, 391, 963, 901, 757, -359, 479, -130]
tc3
[364, -206, 505, 668, -372, -119, -991, -633, -331, -324, 122, -356, -688, -810, 567, -333, 965, 75, 513, -500, 191, -487, -119, 743, 332, 578, 259, 453, -550, 711, -659, 216, -454, -69, -705, 865, -966, -494, -273, -959, 422, 320, 849, -377, 27, 817, 224, -132, 341, 679]
tc4
[-799, 796, 779, 266, 830, -764, 973, 839, 447, -578, -370, -305, -426, -240, -327, -497, -562, -118, -591, 409, -761, -217, -983, -160, 11, 427, -741, 49, 606, -474, 909, 38, 935, 417, -796, -68, 412, 762, -43, -510, -451, -422, -698, -413, 17, 160, 94, 828, 961, -977]
tc5
[440, -157, 17, -423, 254, 743, -281, 634, 260, -296, 285, -466, 989, 955, -348, -284, 166, 401, -809, -57, 620, -662, 114, -278, 3, -524, -944, 794, -707, -24, 478, -830, 585, 205, 380, -19, -659, 344, 86, -803, -908, 432, 640, -40, 630, -772, -928, -760, -866, -190]
tc6
[-940, 571, 799, 732, 884, -915, -209, 475, 864, 886, -138, -615, -343, 305, 891, 189, 456, 599, 557, -638, 364, 38, 543, -187, -76, 693, 958, 391, -825, 878, 146, 442, 989, 234, -640, -777, 8, -766, -966, -423, 836, 652, -130, -777, 974, -390, 70, -706, -934, 527]
tc7
[-296, -18, 229, -596, -730, 159, 563, 666, 739, 20, -151, 981, 205, -680, -453, 996, -248, -679, -192, 236, -655, -845, 543, 44, 743, -485, 278, -752, 288, 380, -376, -978, 766, -799, -680, -502, 504, 417, 839, 109, 891, 568, 723, -228, 784, -44, 673, 281, 29, 241]
tc8
[-309, 673, -71, 241, 20, 784, -168, -248, -49, 652, 421, -422, -557, 763, 697, -504, 137, -212, 549, -256, 281, -72, 39, -611, 228, -606, -889, -813, -67, 567, -159, 738, -505, -847, -473, 338, -578, 378, 561, 163, 142, 661, -713, 454, 172, -817, 914, 587, 36, 341]
tc9
[934, -860, -734, 123, -802, 602, 44, -499, 878, 503, 151, 890, 174, 394, -663, 840, -930, 651, 340, 839, 512, 878, 232, -243, 27, -603, -948, 454, 743, -736, 672, 949, 993, 524, 447, -387, -742, 384, -26, 239, 268, 485, 199, 659, -813, 990, 513, -444, -201, -344]
tc10
[824, 401, -330, 95, -12, -730, 178, 86, 246, 19, -753, 913, 790, -723, 45, 886, 277, -504, -301, 850, -773, -408, 448, 268, -235, -834, -407, 622, -611, -222, 980, 674, -741, -4, -734, -308, 991, 416, 19, -203, 449, 339, 814, -272, -534, 491, 520, -779, 251, -21]
tc11
[-275, 907, -132, 85, 721, 897, -850, -905, 458, -696, 303, -952, 351, -446, -959, 209, 859, -690, -5, -504, 543, 818, 475, 211, 577, 23, 119, 504, -928, -608, 123, 327, -671, 301, -143, 805, 161, 329, -880, 813, -776, 759, -618, 384, 257, -2, 499, -677, 657, 258]
tc12
[436, 85, -42, 445, -832, 148, -706, 335, 82, -8, 549, -712, 237, -49, -147, 362, 336, 360, -869, 653, -883, 736, -264, -162, 544, -949, 356, 146, 767, -810, 973, 342, -645, 976, -733, -59, 254, -95, -175, 989, -586, 29, -2, 48, 186, -813, 906, -964, 43, -150]
tc13
[672, 789, 276, 797, 476, -352, 288, 244, 752, 368, 340, -466, 889, -23, -936, 913, -843, 567, -773, -679, 103, -990, 779, -525, 1, 3, 787, 333, -301, 351, 48, 372, -463, 333, 160, 487, 656, -577, -899, -968, -930, -578, -862, -478, 756, -660, -885, 182, 413, 300]
tc14
[161, -749, 863, 251, 173, 687, 599, -26, 92, -335, 827, 915, -674, 354, 249, 833, 274, -357, -183, 897, -496, 787, 786, -268, -554, -24, -568, 126, 595, 982, 29, -547, -14, 698, 570, -11, 55, -584, -594, -633, -286, 850, -463, 525, -954, 439, 902, -526, 901, -761]
tc15
[-673, -292, -700, 775, -607, 374, -568, 580, -15, -744, 530, -48, -243, -217, 995, 595, -843, 271, 918, -147, 144, -944, -104, 324, -490, 860, 445, 496, -960, -549, 307, -828, -655, -928, -532, 674, -337, -869, -591, -131, 58, -865, -827, 478, -819, 91, -807, 716, -622, 464]
tc16
[-757, -324, -792, 469, -316, 351, -918, 86, -240, 742, -803, -70, 718, -7, -2, 131, 781, 963, 575, 39, 573, -48, 904, 395, 568, 643, -143, -496, 832, 206, -825, -336, -549, 136, -944, 852, 461, 762, 527, 707, -101, 240, -844, 884, 871, -188, -88, 717, 529, 562]
tc17
[441, -777, -443, 587, 714, 621, -382, -4, -683, 756, 495, 789, 729, -270, 882, 376, -956, 319, -924, 732, 879, 891, -542, -834, -338, -138, 595, 818, 8, 146, -946, -508, 469, -648, 995, -530, 889, -856, -183, -897, 870, 885, 262, -41, 872, -906, -193, -119, -78, -450]
tc18
[-705, 162, -29, 220, -754, 793, -711, 663, 999, 545, 757, 187, 676, 310, -444, -570, -847, -699, 435, 760, 65, 753, 585, -288, -867, 795, -518, -669, -169, -723, 183, -804, 54, -853, 200, 598, 924, 497, -237, 861, 589, -119, 629, -738, -918, -257, -990, 355, 582, 955]
tc19
[317, -348, 69, 463, -978, -119, -600, -909, -442, -254, 359, 402, -725, 885, 31, 793, 720, -431, 731, -487, 703, 656, -364, 975, -654, 780, -917, 767, 231, 54, -612, 949, 916, -917, 422, 190, 101, -52, 695, 84, -196, 22, 219, -125, -553, 584, -146, -954, 450, 219]
tc20
[-153, 95, -428, 218, 260, 451, -971, 248, -564, -594, 571, 918, 148, -324, -668, 229, -938, 634, 117, -44, -207, 406, 484, -947, 442, -884, -605, -403, 285, -867, 155, 362, -167, -130, 959, -367, -745, -808, 329, 491, 818, -127, -344, -658, -119, -371, 3, 710, -970, 470]

tc21
[2473, 2376, 2227, 2189, 2019, 1908, 1869, 1750, 1689, 1597, 1403, 1317, 1216, 1179, 1054, 952, 891, 767, 651, 548, 442, 306, 210, 190, 83, -83, -173, -256, -312, -422, -519, -667, -767, -869, -991, -1060, -1122, -1220, -1324, -1417, -1562, -1694, -1773, -1889, -1934, -2083, -2130, -2210, -2314, -2423]
tc22
[2480, 2363, 2247, 2117, 2083, 1992, 1832, 1742, 1611, 1536, 1487, 1394, 1242, 1151, 1035, 911, 822, 756, 631, 561, 494, 342, 203, 196, 84, -24, -185, -295, -351, -451, -535, -688, -759, -821, -913, -1039, -1126, -1220, -1375, -1433, -1590, -1691, -1796, -1836, -1901, -2055, -2162, -2269, -2374, -2427]

tc23:
[ 10, 589, 172,  25, 499, 283, 968, 763, 722, 211, 29, 505, 830, 363, 847, 255, 937, 351,105, 836, 873, 114, 724, 441, 173, 676, 366, 59, 43, 450, 625, 977, 745, 210, 53, 528, 923, 300, 320, 466, 949, 368, 48, 893, 802, 419, 349, 225, 863, 218]

tc24:
[677, 542, 634, 284, 36, 253, 104, 345, 159, 474, 931, 770, 490, 940, 806, 247, 525, 122, 145, 267, 700, 332, 632,  84, 162, 378, 243, 385, 220, 880, 598, 905, 352, 140, 390, 90, 603, 5, 953, 204, 904, 334, 746, 704, 657, 350 ,230, 11, 472, 444]

tc25:
[9879, 9839, 9877, 9874, 9864, 9774, 9774, 5221, 7662, 7452, 6046, 4933, 1497, 1320, 222, 111, 100, 77,70, 66, 65, 54, 53, 50, 42, 40, 39, 37, 35, 30, 29, 28, 25, 20,
10, 9, 8, 7, 6, 5, 4, 3, 2, 1,-98,-561, -4292, -4482,-6103,-9879]

tc26:
[7, 7, 7, 7, 7, 7, 7, 7, 7, 7, 7, 7, 7, 7, 7, 7, 7, 7, 7, 7, 7, 3, 7, 7, 7, 7, 7, 7, 7, 7, 7, 7, 7, 7, 7, 7, 7, 7, 7, 7, 7, 7, 7, 7, 7, 7, 7, 7, 7, 7]

tc27:
[ 1,2,3,4,5,6,7,8,9,10,11,12,13,14,15,16,17,18,19,20,21,22,23,24,25,45,67,89,123,3445,787,898,1010,1012,1013,3333,3334,3335,
4445,4448,6665,7776,7789,7790,8820,8830,8888,8889,9000,9999]
tc28:
[1, 2, 1, 2, 1, 2, 1, 2, 1, 2, 1, 2, 1, 2, 1, 2, 1, 2, 1, 2, 1, 2, 1, 2, 1, 2, 1, 2, 1, 2, 1, 2, 1, 2, 1, 2, 1, 2, 1, 2, 1, 2, 1, 2, 1, 2, 1, 2, 1, 2]

tc29:
[-3336, -9545, -2354, -2310, -9195,-5448, -6867, -9977, -8699, -3713,-311,-395, -251, , -6668,-2477, -3007, -3612, -4173, , -2806, -5287, -2882, -7077, -8014, -462, -4042, -3927, -9439, -5277, -1456, -3847, -4334, -2971, -172, -6499, -6709, -8025, -9391, -259, -9521, -5768, -4426, -6634, 2956, -9975, -2710, -8611, -8761, -2415, -8167, -7815]

tc30:
[-9027, 7680, 9788, -7739, 1132, 8259, 1315, 8904, -3380, 4349, -3833, 5334, -8316, 2224,8689, 9724, -9161, 7317, -510, -8330, 6116, 2391, 7173, -490, 3576, 3599, 5953, 2790, 7770, 7021, 2132, 575, 3898, 7846, 512, -7999, 56, -9939, -6429,  241, 2157, 5552, 5342, -3187, -7895, 1637, 8192, -8123, 7932, 5596]

